BLOCK 28 52 0 255 255 255
BLOCK 29 52 0 255 255 255
BLOCK 30 52 0 255 255 255
BLOCK 31 52 0 255 255 255
BLOCK 32 52 0 255 255 255
BLOCK 33 52 0 255 255 255
BLOCK 34 52 0 255 255 255
BLOCK 35 52 0 255 255 255
BLOCK 36 52 0 255 255 255
BLOCK 37 52 0 255 255 255
BLOCK 38 52 0 255 255 255
BLOCK 39 52 0 255 255 255
BLOCK 40 52 0 255 255 255
BLOCK 41 52 0 255 255 255
BLOCK 42 52 0 255 255 255
BLOCK 43 52 0 255 255 255
BLOCK 44 52 0 255 255 255
BLOCK 45 52 0 255 255 255
BLOCK 46 52 0 255 255 255
BLOCK 47 52 0 255 255 255
BLOCK 48 52 0 255 255 255
BLOCK 49 52 0 255 255 255
BLOCK 50 52 0 255 255 255
BLOCK 51 52 0 255 255 255
BLOCK 52 52 0 255 255 255
BLOCK 26 52 0 212 72 72
BLOCK 25 52 0 212 72 72
BLOCK 27 52 0 212 72 72
BLOCK 24 52 0 212 72 72
BLOCK 23 52 0 212 72 72
BLOCK 22 52 0 212 72 72
BLOCK 21 52 0 212 72 72
BLOCK 20 52 0 212 72 72
BLOCK 19 52 0 212 72 72
BLOCK 18 52 0 212 72 72
BLOCK 17 52 0 212 72 72
BLOCK 16 52 0 212 72 72
BLOCK 29 51 0 212 72 72
BLOCK 29 50 0 212 72 72
BLOCK 29 49 0 212 72 72
BLOCK 28 50 0 212 72 72
BLOCK 27 50 0 212 72 72
BLOCK 27 51 0 212 72 72
BLOCK 26 51 0 212 72 72
BLOCK 28 51 0 212 72 72
BLOCK 25 51 0 212 72 72
BLOCK 24 51 0 212 72 72
BLOCK 23 51 0 212 72 72
BLOCK 22 51 0 212 72 72
BLOCK 21 51 0 212 72 72
BLOCK 51 53 0 212 72 72
BLOCK 52 53 0 212 72 72
BLOCK 53 52 0 212 72 72
BLOCK 54 52 0 212 72 72
BLOCK 55 52 0 212 72 72
BLOCK 56 52 0 212 72 72
BLOCK 56 53 0 212 72 72
BLOCK 57 53 0 212 72 72
BLOCK 58 53 0 212 72 72
BLOCK 59 53 0 212 72 72
BLOCK 60 53 0 212 72 72
BLOCK 61 53 0 212 72 72
BLOCK 62 53 0 212 72 72
BLOCK 63 53 0 212 72 72
BLOCK 64 53 0 212 72 72
BLOCK 65 53 0 212 72 72
BLOCK 66 53 0 212 72 72
BLOCK 67 53 0 212 72 72
BLOCK 68 53 0 212 72 72
BLOCK 69 53 0 212 72 72
BLOCK 70 53 0 212 72 72
BLOCK 71 53 0 212 72 72
BLOCK 72 53 0 212 72 72
BLOCK 73 53 0 212 72 72
BLOCK 74 53 0 212 72 72
BLOCK 75 53 0 212 72 72
BLOCK 76 53 0 212 72 72
BLOCK 77 53 0 212 72 72
BLOCK 78 53 0 212 72 72
BLOCK 79 53 0 212 72 72
BLOCK 80 53 0 212 72 72
BLOCK 81 53 0 212 72 72
BLOCK 82 53 0 212 72 72
BLOCK 83 53 0 212 72 72
BLOCK 84 53 0 212 72 72
BLOCK 85 53 0 212 72 72
BLOCK 86 53 0 212 72 72
BLOCK 87 53 0 212 72 72
BLOCK 88 53 0 212 72 72
BLOCK 89 53 0 212 72 72
BLOCK 90 53 0 212 72 72
BLOCK 91 53 0 212 72 72
BLOCK 92 53 0 212 72 72
BLOCK 93 53 0 212 72 72
BLOCK 94 53 0 212 72 72
BLOCK 95 53 0 212 72 72
BLOCK 96 53 0 212 72 72
BLOCK 97 53 0 212 72 72
BLOCK 98 53 0 212 72 72
BLOCK 98 52 0 212 72 72
BLOCK 98 51 0 212 72 72
BLOCK 97 52 0 212 72 72
BLOCK 96 52 0 212 72 72
BLOCK 95 52 0 212 72 72
BLOCK 96 51 0 212 72 72
BLOCK 97 51 0 212 72 72
BLOCK 99 51 0 212 72 72
BLOCK 99 52 0 212 72 72
BLOCK 99 50 0 212 72 72
BLOCK 99 49 0 212 72 72
BLOCK 99 48 0 212 72 72
BLOCK 98 48 0 212 72 72
BLOCK 98 47 0 212 72 72
BLOCK 98 46 0 212 72 72
BLOCK 98 45 0 212 72 72
BLOCK 98 44 0 212 72 72
BLOCK 98 43 0 212 72 72
BLOCK 98 42 0 212 72 72
BLOCK 98 41 0 212 72 72
BLOCK 98 40 0 212 72 72
BLOCK 99 45 0 212 72 72
BLOCK 99 46 0 212 72 72
BLOCK 99 47 0 212 72 72
BLOCK 94 52 0 212 72 72
BLOCK 93 52 0 212 72 72
BLOCK 92 52 0 212 72 72
BLOCK 91 52 0 212 72 72
BLOCK 90 52 0 212 72 72
BLOCK 89 52 0 212 72 72
BLOCK 88 52 0 212 72 72
BLOCK 87 52 0 212 72 72
BLOCK 86 52 0 212 72 72
BLOCK 85 52 0 212 72 72
BLOCK 84 52 0 212 72 72
BLOCK 83 52 0 212 72 72
BLOCK 82 52 0 212 72 72
BLOCK 81 52 0 212 72 72
BLOCK 95 54 0 212 72 72
BLOCK 94 54 0 212 72 72
BLOCK 93 54 0 212 72 72
BLOCK 92 54 0 212 72 72
BLOCK 91 54 0 212 72 72
BLOCK 90 54 0 212 72 72
BLOCK 89 54 0 212 72 72
BLOCK 88 54 0 212 72 72
BLOCK 87 54 0 212 72 72
BLOCK 86 54 0 212 72 72
BLOCK 85 54 0 212 72 72
BLOCK 84 54 0 212 72 72
BLOCK 83 54 0 212 72 72
BLOCK 82 54 0 212 72 72
BLOCK 81 54 0 212 72 72
BLOCK 80 54 0 212 72 72
BLOCK 79 54 0 212 72 72
BLOCK 78 54 0 212 72 72
BLOCK 77 54 0 212 72 72
BLOCK 76 54 0 212 72 72
BLOCK 75 54 0 212 72 72
BLOCK 74 54 0 212 72 72
BLOCK 73 54 0 212 72 72
BLOCK 72 54 0 212 72 72
BLOCK 71 54 0 212 72 72
BLOCK 70 54 0 212 72 72
BLOCK 15 52 0 212 72 72
BLOCK 14 52 0 212 72 72
BLOCK 13 52 0 212 72 72
BLOCK 12 52 0 212 72 72
BLOCK 12 51 0 212 72 72
BLOCK 11 51 0 212 72 72
BLOCK 10 51 0 212 72 72
BLOCK 9 51 0 212 72 72
BLOCK 8 51 0 212 72 72
BLOCK 7 51 0 212 72 72
BLOCK 6 51 0 212 72 72
BLOCK 5 51 0 212 72 72
BLOCK 4 51 0 212 72 72
BLOCK 4 52 0 212 72 72
BLOCK 3 52 0 212 72 72
BLOCK 2 52 0 212 72 72
BLOCK 1 52 0 212 72 72
BLOCK 0 52 0 212 72 72
BLOCK 86 47 -858993460 255 255 255
BLOCK 86 46 -858993460 255 255 255
BLOCK 87 46 -858993460 255 255 255
BLOCK 87 45 -858993460 255 255 255
BLOCK 87 44 -858993460 255 255 255
BLOCK 87 43 -858993460 255 255 255
BLOCK 88 43 -858993460 255 255 255
BLOCK 88 42 -858993460 255 255 255
BLOCK 88 41 -858993460 255 255 255
BLOCK 89 41 -858993460 255 255 255
BLOCK 89 40 -858993460 255 255 255
BLOCK 89 39 -858993460 255 255 255
BLOCK 89 38 -858993460 255 255 255
BLOCK 90 38 -858993460 255 255 255
BLOCK 90 37 -858993460 255 255 255
BLOCK 91 36 -858993460 255 255 255
BLOCK 90 36 -858993460 255 255 255
BLOCK 89 36 -858993460 255 255 255
BLOCK 88 35 -858993460 255 255 255
BLOCK 87 35 -858993460 255 255 255
BLOCK 86 35 -858993460 255 255 255
BLOCK 85 35 -858993460 255 255 255
BLOCK 84 35 -858993460 255 255 255
BLOCK 83 35 -858993460 255 255 255
BLOCK 82 35 -858993460 255 255 255
BLOCK 81 35 -858993460 255 255 255
BLOCK 81 34 -858993460 255 255 255
BLOCK 80 34 -858993460 255 255 255
BLOCK 79 34 -858993460 255 255 255
BLOCK 78 34 -858993460 255 255 255
BLOCK 78 33 -858993460 255 255 255
BLOCK 77 33 -858993460 255 255 255
BLOCK 76 33 -858993460 255 255 255
BLOCK 75 33 -858993460 255 255 255
BLOCK 75 32 -858993460 255 255 255
BLOCK 74 32 -858993460 255 255 255
BLOCK 73 31 -858993460 255 255 255
BLOCK 72 31 -858993460 255 255 255
BLOCK 72 30 -858993460 255 255 255
BLOCK 71 30 -858993460 255 255 255
BLOCK 71 29 -858993460 255 255 255
BLOCK 70 29 -858993460 255 255 255
BLOCK 69 28 -858993460 255 255 255
BLOCK 68 27 -858993460 255 255 255
BLOCK 68 26 -858993460 255 255 255
BLOCK 67 26 -858993460 255 255 255
BLOCK 67 25 -858993460 255 255 255
BLOCK 67 24 -858993460 255 255 255
BLOCK 67 23 -858993460 255 255 255
BLOCK 68 23 -858993460 255 255 255
BLOCK 68 22 -858993460 255 255 255
BLOCK 68 21 -858993460 255 255 255
BLOCK 69 21 -858993460 255 255 255
BLOCK 70 21 -858993460 255 255 255
BLOCK 70 20 -858993460 255 255 255
BLOCK 71 20 -858993460 255 255 255
BLOCK 72 20 -858993460 255 255 255
BLOCK 72 19 -858993460 255 255 255
BLOCK 73 19 -858993460 255 255 255
BLOCK 74 19 -858993460 255 255 255
BLOCK 75 19 -858993460 255 255 255
BLOCK 76 18 -858993460 255 255 255
BLOCK 77 18 -858993460 255 255 255
BLOCK 78 18 -858993460 255 255 255
BLOCK 79 18 -858993460 255 255 255
BLOCK 80 18 -858993460 255 255 255
BLOCK 81 18 -858993460 255 255 255
BLOCK 82 18 -858993460 255 255 255
BLOCK 83 18 -858993460 255 255 255
BLOCK 84 18 -858993460 255 255 255
BLOCK 85 18 -858993460 255 255 255
BLOCK 86 18 -858993460 255 255 255
BLOCK 87 19 -858993460 255 255 255
BLOCK 88 19 -858993460 255 255 255
BLOCK 89 19 -858993460 255 255 255
BLOCK 90 19 -858993460 255 255 255
BLOCK 91 19 -858993460 255 255 255
BLOCK 91 20 -858993460 255 255 255
BLOCK 92 20 -858993460 255 255 255
BLOCK 91 18 -858993460 255 255 255
BLOCK 90 18 -858993460 255 255 255
BLOCK 90 17 -858993460 255 255 255
BLOCK 90 16 -858993460 255 255 255
BLOCK 89 16 -858993460 255 255 255
BLOCK 89 15 -858993460 255 255 255
BLOCK 88 14 -858993460 255 255 255
BLOCK 88 13 -858993460 255 255 255
BLOCK 87 13 -858993460 255 255 255
BLOCK 87 12 -858993460 255 255 255
BLOCK 86 12 -858993460 255 255 255
BLOCK 86 11 -858993460 255 255 255
BLOCK 85 11 -858993460 255 255 255
BLOCK 85 10 -858993460 255 255 255
BLOCK 84 10 -858993460 255 255 255
BLOCK 83 10 -858993460 255 255 255
BLOCK 82 10 -858993460 255 255 255
BLOCK 82 9 -858993460 255 255 255
BLOCK 81 9 -858993460 255 255 255
BLOCK 80 9 -858993460 255 255 255
BLOCK 79 9 -858993460 255 255 255
BLOCK 78 9 -858993460 255 255 255
BLOCK 77 9 -858993460 255 255 255
BLOCK 77 8 -858993460 255 255 255
BLOCK 76 8 -858993460 255 255 255
BLOCK 75 8 -858993460 255 255 255
BLOCK 74 8 -858993460 255 255 255
BLOCK 73 8 -858993460 255 255 255
BLOCK 72 8 -858993460 255 255 255
BLOCK 71 8 -858993460 255 255 255
BLOCK 70 8 -858993460 255 255 255
