0 55 1
1 55 1
2 55 1
3 55 1
4 55 1
5 55 1
6 55 1
7 55 1
8 55 1
9 55 1
10 55 1
11 55 1
12 55 1
13 55 1
14 55 1
15 55 1
16 55 1
17 55 1
18 55 1
19 55 1
20 55 1
21 55 1
22 55 1
23 55 1
24 55 1
25 55 1
26 55 1
27 55 1
28 55 1
29 55 1
30 55 1
31 55 1
32 55 1
33 55 1
34 55 1
35 55 1
36 55 1
37 55 1
38 55 1
39 55 1
40 55 1
41 55 1
42 55 1
43 55 1
44 55 1
45 55 1
46 55 1
47 55 1
48 55 1
49 55 1
50 55 1
51 55 1
52 55 1
53 55 1
54 55 1
55 55 1
56 55 1
57 55 1
58 55 1
59 55 1
60 55 1
61 55 1
62 55 1
63 55 1
64 55 1
65 55 1
66 55 1
67 55 1
68 55 1
69 55 1
70 55 1
71 55 1
72 55 1
73 55 1
74 55 1
75 55 1
76 55 1
77 55 1
78 55 1
79 55 1
80 55 1
81 55 1
82 55 1
83 55 1
84 55 1
85 55 1
86 55 1
87 55 1
88 55 1
89 55 1
90 55 1
91 55 1
92 55 1
93 55 1
94 55 1
95 55 1
96 55 1
97 55 1
98 55 1
99 55 1
0 54 1
0 53 1
0 52 1
99 54 1
99 53 1
99 52 1
25 53 1
25 52 1
25 51 1
26 51 1
0 35 1
0 34 1
0 33 1
0 32 1
0 31 1
0 30 1
